100428
100471
100516
1264073
100872
395099
100906
100982
100987
1471945
395099
1583115
101825
101829
101830
101846
101864
101899
102005
102007
102027
102075
225814
148582
148592
148603
102101
102251
102296
548613
102382
102383
102403
102408
102415
102433
102438
102650
102802
102815
531753
102843
103053
103160
103163
744647
103202
103208
103217
103217
103552
103554
103579
103585
103601
103604
103606
103647
103674
103706
103718
103719
103720
103725
103732
103749
103755
103756
103758
103760
103761
103775
103788
103830
103838
103850
103862
103892
103895
103926
103929
103936
346053
345943
104264
104350
104355
104515
104544
104548
104595
104724
104725
104727
104864
104873
104880
105787
105789
105799
105802
105811
105817
105848
105854
105925
106148
733346
106208
712167
421137
421138
421139
106225
106223
106225
106243
106272
1719780
106377
106396
106401
106643
106647
106652
210371
210379
107105
107106
107107
107108
107111
107112
107113
107119
883865
107122
241030
107272
107276
107280
107290
107292
107305
394879
107310
107315
107324
107335
107351
107378
107379
107380
107381
107382
1552687
1752525
107398
1061754
107406
107407
107411
107412
107414
395026
107420
107422
107425
107426
107446
107450
107451
107454
107457
107458
107459
395028
107463
955160
107476
107478
107479
107480
107481
107482
107486
107529
107530
107538
107613
107614
107619
514512
107650
585683
585687
107686
107706
107707
107710
107721
109113
109357
109369
110372
110595
110598
110629
111062
111066
834002
834010
111158
834039
834016
834018
111193
111197
111202
111254
111256
111343
111350
111351
111352
111354
111379
111380
111389
111397
111411
111418
111422
111423
111456
111512
111520
111521
111527
111538
111539
111560
146830
111588
111592
111615
111631
111636
111656
111663
851589
851590
851581
111673
111696
111758
111800
111805
112474
112498
112525
466057
112573
1545320
112784
112792
1255426
112815
112822
112823
112827
112864
112864
113134
113285
113294
585257
113604
113624
113632
115511
115513
115593
115725
115730
115731
549122
115932
115960
115969
115970
115999
116009
116162
116165
116168
116174
116177
116237
1544035
116446
766155
766155
116523
116637
117269
117271
117283
117305
117313
117320
117324
117328
117332
231682
292221
117348
117350
117368
117370
117377
117380
117382
117385
117386
117388
117389
117391
117425
117426
117428
117445
117448
117448
151860
117536
117537
117544
117545
117550
117558
117588
117613
117619
117628
117630
117673
117673
117691
117699
117718
117761
117762
117761
117768
234026
117802
117804
117824
117831
117833
117868
117874
117887
117887
117889
117903
418905
117929
117952
117980
117981
117981
118137
118138
118143
118154
264185
118866
118911
118918
118941
118973
119034
263446
119489
119498
119499
119572
119580
119584
119993
120025
120150
120155
120177
122885
123776
459524
124483
125122
125184
126275
126277
126278
126280
126281
126285
126296
126298
126306
126318
126331
126379
126388
126389
126400
126401
126415
126418
126420
126422
126424
316333
126431
126439
126505
126506
126737
126750
126761
126762
126768
126769
126771
126787
126791
126792
126800
126811
126817
126818
126870
712862
126882
126888
126899
126906
126910
126913
1016384
126916
126921
126922
126933
126935
126948
126953
126961
398518
126975
126977
1509483
126989
127001
127006
127020
127024
127033
127038
127044
127045
127046
127048
127064
127067
127075
127077
127078
127132
127138
127149
127159
127160
403345
127180
127182
127183
127184
127185
127186
127187
127188
127214
127232
127233
127234
127240
127250
127256
127379
127380
127386
127401
127408
127413
127414
127415
127417
127426
127896
128860
128899
128900
128901
128914
128960
129015
129769
129797
129798
129829
129833
129876
129880
129882
129884
129890
129893
129894
761478
129925
129927
129938
129963
884702
129978
129979
129983
130031
130036
336660
742186
130056
130069
130075
130116
130118
130135
130145
130160
130167
130176
130195
130232
130246
130259
130279
130307
130331
130356
130372
130376
130383
234850
130393
329591
130401
130405
130407
130411
130421
738690
130465
130470
130513
130516
130561
130639
130644
130650
130672
130701
130702
130703
130799
130802
130823
130860
130877
130881
130902
130932
130969
130988
130997
328441
131000
131001
131002
131003
851900
238212
131007
131009
131010
131011
131014
555934
131038
131055
131108
131111
131113
131114
131115
131118
131119
131121
131124
131125
131135
131141
131142
131143
131146
131147
131150
459112
131163
131166
131167
131168
131174
157566
131178
131191
131209
131210
131216
131218
131220
131223
747461
131279
131332
131362
131367
131401
131435
131450
131455
131499
131521
131539
131541
131542
165350
165801
132663
132736
132762
166634
132762
132833
132883
134036
134121
134296
134440
134599
134607
134609
134613
134635
134674
134716
134718
134848
134909
135210
135295
135298
135303
135305
135402
135441
135448
135479
135766
135817
136033
136035
136057
136069
136132
136310
136310
880874
136527
136546
137080
137402
137438
137484
137493
137551
137559
137571
137572
137577
137582
404966
181240
1055233
138753
138757
138759
156734
138785
138786
138961
138963
138996
138998
605729
605733
381334
416623
139061
139062
139065
139067
139068
139082
139084
139120
878795
139143
139151
139166
139193
139407
378492
730989
139473
1079151
139500
139519
211927
139562
139594
139596
139673
139682
139700
139891
448958
139954
534029
505332
140030
140058
140059
1342949
180992
848025
181371
140256
140262
140264
464146
140291
140298
140322
140349
140389
408061
140396
140398
140415
140416
140417
714477
140429
140430
140433
140437
140463
140464
505951
505946
140480
140481
140482
140483
140485
876816
140491
370551
140568
140569
140595
181382
836033
140657
140658
397183
140712
156961
876640
140767
1456814
140787
140815
140819
140835
140839
140840
140843
140890
140891
750095
743104
730741
140940
140962
1611923
141040
141044
141045
141046
738879
994263
181174
141183
141375
141469
141470
141552
141563
141565
565371
724814
141597
141598
141599
141600
141602
141605
141607
141630
141639
181237
141676
141693
141712
141717
141730
1321828
1039842
1039844
1477173
1039839
225666
141850
141884
141910
181359
141914
141919
231750
141930
141976
141980
142851
146768
146830
146844
1039387
146902
146922
147123
231750
146768
148463
107412
148579
148582
148586
148592
148603
148604
148605
148645
148669
148715
148791
964359
148923
148931
148932
148934
148941
148941
148945
148955
148969
148998
149023
969228
149055
149074
149075
149093
148969
149106
149110
1590706
149116
149119
149121
149122
149126
160530
148955
149152
149153
149220
149221
149294
172535
149513
149629
163226
149682
421140
149718
149752
132833
150514
151112
151158
151179
151290
151308
126977
151523
395099
151801
272027
151860
152269
131143
876640
884702
152454
152454
141639
153717
147123
153847
154127
154241
154298
154319
154321
154582
127188
155375
131209
131362
131218
131114
156134
156304
140396
156548
156607
156611
156632
420721
156734
156737
156749
156750
156803
156817
156859
156870
156887
156924
156961
156991
157005
167563
157431
157441
157550
131178
157566
157793
157807
157861
292221
157977
158020
158026
158057
158075
158078
158091
103202
158230
395176
158389
158416
158417
158440
158562
158617
158670
158677
158725
158826
158829
1577312
158936
158978
159227
159246
159259
159271
159288
159289
159306
159312
159313
159325
159335
159348
159439
159456
159460
159559
159580
159581
159703
159761
159762
159767
159772
159792
159808
159824
159989
160192
160228
160230
160412
160520
160528
160530
161339
163015
163143
163143
163161
163226
163250
163322
163324
163344
163346
163392
163392
163487
623754
163728
163932
165350
165676
165801
165853
132663
166176
166294
166467
166634
166641
166664
167563
1478289
168603
168632
168699
170479
170506
170835
172535
173223
175036
176540
178180
178185
178201
179881
180367
180556
180894
180897
180921
397036
140787
1456814
180961
180980
531880
180992
419700
181002
578702
181032
714477
714485
181077
181086
181089
181105
181106
181117
670446
181172
181174
1374250
1374303
578710
181233
181237
181240
181245
181258
181278
506176
181316
420779
181320
596735
181350
140349
879951
181359
181360
181366
181368
181371
181372
1666972
181382
181523
140389
181566
181582
181776
181783
182361
182627
1394807
182803
820772
170506
132883
168603
195954
195955
195996
195999
196007
605717
196600
207528
207535
207572
714477
707486
207651
1458515
724779
504268
207847
207846
207847
207867
207874
207899
207901
397091
208462
1476929
208472
208488
208488
208494
596735
208527
139193
208760
1061758
208814
208822
208823
208832
208836
208890
208908
209053
209083
209177
209210
209280
220048
209280
712656
209374
209501
597348
209637
209642
209654
209642
334898
234846
209824
209827
1305578
209857
209886
209944
333129
334659
884193
210169
136132
210354
210359
210371
210377
210378
210379
210397
107119
210450
210471
210639
210788
534097
723636
211165
139954
211349
211364
211374
211773
211780
211787
211832
211919
211927
212051
212056
212164
212230
212237
105854
212250
212257
212259
212277
212280
212284
212336
212336
212378
212500
212501
212506
252289
535364
1605249
212771
212811
212843
212846
212879
242839
459524
213170
213285
213289
213372
280874
994263
139151
863039
214557
214642
214744
718605
215119
527557
215228
215258
564728
215458
215482
215573
215627
215753
215853
103756
252289
215867
215889
215891
215939
215940
215992
216013
216024
216033
216034
216332
225666
1251282
216456
216465
507423
216541
216564
507891
138785
140483
216632
216636
506716
216687
216708
1550738
216733
181002
139500
216875
216954
138759
747135
217341
217379
217380
217625
217659
217741
217966
218005
218077
218081
218084
218145
218152
218174
218193
218199
218200
218204
218206
218207
218209
218217
218218
218224
218228
218272
218304
218328
218340
218349
218350
218360
218365
218427
218436
218443
218462
218482
218490
218498
218499
218515
218518
126948
218584
218589
218620
218669
218695
218710
218711
218716
218726
218730
218732
218733
218754
218758
218762
218763
218765
218766
218767
218777
218780
218839
218961
219004
219053
219127
219320
219330
219331
219352
219428
280775
219593
219636
219648
219649
219650
219665
219676
219679
219681
219683
712902
219782
219876
219888
219890
219904
403462
219915
219924
219925
219927
219954
219956
219957
219962
219963
219967
219967
219988
219997
219999
220001
220003
220004
220005
220043
220048
220083
220137
220148
220201
220261
107113
220293
220297
220310
220317
220337
220338
220476
220483
220541
220585
159762
220614
220615
220616
220617
220632
220639
220640
220646
220651
220727
220733
220948
1476906
221077
221103
221111
221198
221209
221216
221217
221220
266708
221258
221331
471958
224576
1518612
505963
181316
506056
225509
225518
225666
225679
1554223
225814
231441
231572
231615
231660
231667
231670
231673
231682
231682
231749
231750
231883
231884
231887
231888
231889
745864
232028
232031
232032
350701
350703
115969
107476
232631
535166
232696
232697
232759
232888
232892
107650
442459
148463
233434
233471
236717
836040
233587
233598
233601
233616
233653
233889
292221
1264073
233901
233903
233941
233942
234025
234026
234038
234039
234043
234071
234072
234081
234083
234084
156887
833987
849000
234137
234144
234152
559274
134440
234846
234847
234850
234851
235108
235378
235772
236151
236151
397141
236156
236485
236551
236661
236666
236717
237004
237793
877091
834043
237805
237815
237820
237840
129015
237964
238212
327969
238253
238365
238366
1374250
234851
238740
238743
1308358
239700
239700
239816
240049
240830
240873
240920
471570
240939
241030
241081
241135
241175
241200
241216
241241
242665
242839
244093
504886
506713
1446709
107619
246604
246605
246608
246871
478723
819898
247737
377748
235772
248010
248011
1509599
1324082
248060
248066
249679
249816
249827
249968
249976
249981
249992
249998
250036
250043
250047
250077
250081
250109
250126
250175
250203
250210
250292
250304
250346
250375
250415
250437
250484
250680
250697
250786
250883
250917
250997
251002
251005
251018
251044
251260
251266
251292
251314
251321
251401
251435
251438
251502
251519
251534
251537
251552
251556
251585
251587
103718
252278
252289
251552
252565
250047
252853
215867
103929
254448
254497
254569
254999
255073
255592
255999
256048
256526
256755
256762
256988
257076
257081
257397
257466
257536
258050
258355
260334
260468
261683
261827
261839
263446
266248
266492
266495
266708
266726
215992
103862
272027
272114
272957
475090
313170
273257
273335
273357
273540
1509599
273671
273699
273912
273914
273925
273976
273985
274290
274299
274341
274342
274347
274849
275192
275268
275348
275428
1020768
275645
275847
276011
276012
276016
276017
276024
276025
276027
276134
276310
276326
276337
276688
276750
276832
276836
276846
276970
277061
277131
277145
277235
277377
277453
277473
277510
277555
277564
277833
277892
278088
278091
278304
278381
278392
278393
278399
278400
278428
278451
278648
278785
278957
279151
279154
279196
279469
279475
279891
280118
280183
1253896
280323
398454
280775
280796
280799
280831
280874
280932
281018
281020
281130
281275
281319
281745
282012
282084
282254
282738
317356
1534979
283044
283045
283049
283141
283197
283318
283512
284330
284352
284446
151860
284605
284741
285110
285164
285226
285536
1367859
117903
287202
287214
135448
287296
746492
289610
289686
289690
290449
290548
290645
291140
291241
291251
291255
291256
291594
292221
292506
117391
292561
231682
293265
293541
293639
293715
293725
293732
298155
217341
218436
1020579
1509599
127386
316333
310134
313170
316333
127078
317356
127132
276024
276027
126400
326864
327012
327192
327207
327249
327250
327252
1580005
327969
1449325
328441
328642
328655
328691
328697
1305581
131210
329591
329882
329921
329939
330200
330349
330375
330722
330896
131118
330939
330949
559063
331142
331410
331413
331424
331842
332348
332531
332670
332759
332770
332800
333121
333129
209827
333645
333832
333858
333875
333937
333964
994114
334043
334062
334066
334249
334257
334308
334555
334659
334898
334925
335059
336251
336660
338527
338533
131108
234850
340203
340355
154127
341496
344083
344732
345363
231887
345757
345943
346053
346070
346620
346621
349659
349659
115731
350174
350701
350703
353907
353995
106647
354636
354637
354821
355133
355153
355193
356002
720588
356580
356706
357089
104727
359463
360051
360352
361222
361260
361549
361550
361551
362608
366281
366281
367269
231750
367822
863082
367838
367891
367898
368186
369221
370551
370566
377314
210377
377580
377639
377690
377748
134716
378492
134718
168632
381334
382932
383586
386775
386329
386329
386358
386376
386463
386513
386775
388055
388967
389288
1597601
390270
393117
393716
393737
394391
394598
394611
394827
394831
394834
394848
394854
394860
440389
394866
394868
394878
394879
394924
394941
394949
394963
394966
394983
394990
395007
395015
395017
395022
395026
395028
395029
483612
395036
395043
395044
395045
395050
395058
395059
395060
395061
395080
395084
395087
395091
395093
395096
395098
395099
395104
395108
395109
395176
170835
396707
396708
396709
396712
396712
833997
396735
396741
396744
397006
397009
739641
181106
504357
724779
397020
397021
397022
397024
397026
578702
397036
397037
397039
397041
397175
397049
397056
506706
836041
397063
397064
572091
1033284
397082
1723345
397087
397091
397092
397096
397097
397131
397135
397139
397140
397141
1458663
397147
397157
397159
397160
397162
397163
397164
758985
397173
397175
397181
507984
397183
397185
397193
397194
398328
398454
398495
398517
398518
714485
293715
127379
218193
126989
1509599
126935
403345
403462
127413
578702
403902
404960
404966
317356
408061
1335428
408191
408260
408266
111202
408445
409099
409218
410456
412883
413700
414027
608028
416205
416623
417542
417687
417694
417724
417752
417762
417772
1662065
417781
417783
417798
417861
417865
417939
417983
418074
418208
418221
418367
418509
418646
418662
418663
418723
418820
418905
419700
420576
420721
420735
420737
420739
420777
420779
420996
421070
421071
421129
421132
421136
421137
421138
421139
421140
421141
421142
421539
421577
421687
422037
422186
422280
422363
231749
423256
136033
136035
426075
429077
430911
431365
431367
431368
431962
434788
233587
437369
437372
437879
438059
438082
440282
440354
440388
440389
440523
441087
441501
441751
442436
442459
442484
442746
1061760
1250203
442890
443953
444019
444335
444442
444766
444767
1424662
445325
445335
445354
445357
140058
445618
448958
1251282
440388
107310
456638
457048
457808
457832
458018
122885
459112
459524
460567
460781
462174
462925
463035
140398
464146
465386
465540
465541
466057
466064
466135
417798
417939
466393
466500
138996
467490
467513
467566
468256
468265
469047
469112
469127
738973
469857
469862
607852
470041
470059
470288
470314
470388
470416
470483
470484
470579
470746
470760
470794
471032
471184
471375
471431
471570
471583
471648
471711
471949
471958
472101
472363
723636
472896
473125
473127
139068
473153
473348
139068
139068
475090
475863
478723
242665
480169
483612
142851
1502195
487995
488682
488687
488694
489077
489116
489123
489124
818088
489129
489130
489131
489132
489138
489149
489997
490003
466064
849722
417687
490012
490013
490014
1662065
490016
490018
523064
490054
490060
723234
490070
712207
490083
490094
232696
734453
232697
196600
491504
491712
491721
492826
492926
494374
494460
503183
503189
503195
503319
504059
504259
504268
504357
504360
504471
504886
505261
505319
505330
505332
505946
505951
505953
505963
506001
506036
506056
140485
506090
506136
506140
506158
506176
506699
506706
506706
506713
506716
1446709
506741
507150
747135
507423
507538
507653
458018
507891
507984
508339
508379
1367859
511623
511629
513570
514512
515371
517274
517695
519134
519289
519290
519316
522116
1545320
523064
525501
527106
527557
527824
527832
527851
1545320
531069
531230
531453
531551
531612
531753
531848
531880
397160
1723345
534029
534097
535166
535172
535364
208494
140485
541114
140485
140485
140485
140767
141930
545266
545266
545266
163487
548613
549121
549122
549134
549615
549615
724109
1723340
1055233
103160
555464
555934
555935
556285
556286
1255425
1565147
102650
163728
558845
558948
559039
559062
559063
559274
560174
560319
560325
560319
563562
234026
564521
564728
564863
564878
565105
565371
597348
566200
370551
569962
572091
140058
573180
573293
366281
165676
574587
574587
576817
577506
577510
577510
577515
577519
578001
578702
578710
139562
580104
581777
581879
582351
1662065
584770
584982
584983
585257
107119
585683
585687
932372
240830
181106
589294
591575
591871
591575
140890
139082
592665
592682
592950
593284
595519
595733
596735
596917
730416
597190
597348
597365
598045
598897
599441
994263
605717
605729
605733
606159
606831
607846
607852
608028
608080
608090
611569
611540
613925
614132
623754
649985
662648
623754
623754
1324082
670446
225666
1308117
704677
707486
709533
712167
712207
712453
712656
712838
712862
712902
712905
218767
1509599
714210
714477
714485
504471
718256
718605
719176
720588
140890
231615
956015
723234
417798
723636
723637
724109
724149
724779
724814
726872
109369
727306
730416
730437
730446
730741
730989
731118
731863
733346
733347
106208
734453
736173
736257
736608
738690
738879
738973
738973
739641
740848
740945
742174
742186
743104
743106
117874
1308358
746492
724779
747135
747461
994263
139193
1374250
1456812
750095
751791
758985
759947
760026
760025
760026
760030
760591
761357
761358
761426
761459
506158
397160
761477
761478
761492
761497
761519
761689
148715
761956
761959
762195
334925
766155
766210
233587
233587
766645
233903
798772
165676
814965
816023
816025
816027
417861
818088
478723
136310
136310
819898
819904
819904
393716
820772
478723
827416
507984
829037
117386
241030
564521
833987
833997
834002
834010
834016
834018
834039
834043
107272
724814
140595
835084
835122
835484
835779
836033
836036
836040
836041
111456
231682
181106
848025
878795
849000
849722
582351
851581
851589
851590
851593
987161
851900
1059484
863039
863082
196600
871230
1060740
140256
140256
237840
876640
876816
467490
877091
878195
878795
878962
879091
879951
397131
442746
880865
880874
955160
882229
883865
884193
884702
887376
1264073
890090
932368
932372
932880
954567
955160
955994
956015
956015
965607
987161
122885
994114
994263
994865
394598
1013053
1016384
1020579
1020768
1023048
1033284
506741
1039387
1039839
1039842
1039844
1509599
1045641
1055233
1059484
1060604
1060740
1061754
1061758
1061760
1079151
1250203
1251282
1253896
472101
1255425
1255426
1264073
1287520
1305578
1305581
1308042
1308117
1308358
1310442
1311382
1313606
448958
1321828
1324082
1324404
1326008
1335428
1341810
1476821
1342949
140030
1353946
107463
1476770
1476771
208823
1367859
444442
1374250
1374303
1374303
1384086
1384440
1393190
1393191
1394807
1417043
1424662
367898
1432713
1441298
1446709
1449325
1450342
1456812
1456814
1458515
1458663
1471272
1471945
1473074
1321828
1474876
1476736
1476737
1476770
1476771
1476814
1476815
1476815
1476821
1476906
1476929
1477173
1478289
1484733
1502195
1509483
1509599
1518612
1534979
1544035
1545320
1550738
1552687
1554223
1565147
1577312
1580005
1583115
1590706
1593158
1597601
1605249
1611923
140890
1662065
1666972
1719780
1723340
1723345
1749886
1752525
